% First Name: Muskan
% Last Name: Kumar
% Date: Mar 10
% Username: m22als10-35
P1= [ 1 0 -4]

P1 =

     1     0    -4

S1 = roots(P1)

S1 =

    2.0000
   -2.0000

P1= [ 1 0 1]

P1 =

     1     0     1

S1 = roots(P1)

S1 =

   0.0000 + 1.0000i
   0.0000 - 1.0000i

c1 = 3+ 4i

c1 =

   3.0000 + 4.0000i

c2 = -5 +7i

c2 =

  -5.0000 + 7.0000i

r1 = abs(c1)

r1 =

     5

a = angle(c1)

a =

    0.9273

z= r1.*exp(i*a)

z =

   3.0000 + 4.0000i

c3 = -1+ 4i

c3 =

  -1.0000 + 4.0000i

c4 = -2 -3i

c4 =

  -2.0000 - 3.0000i

c5 = 5

c5 =

     5

c6 = 2i

c6 =

   0.0000 + 2.0000i

a3 = angle(c3)

a3 =

    1.8158

r3 = abs(c3)

r3 =

    4.1231

a4 = angle(c4)

a4 =

   -2.1588

r4 = abs(c4)

r4 =

    3.6056

a5 = angle(c5)

a5 =

     0

r5 = abs(c5)

r5 =

     5

a6 = angle(c6) 

a6 =

    1.5708

r6 = abs(c6)

r6 =

     2

z= r3.*exp(i*a3)

z =

  -1.0000 + 4.0000i

z= r4.*exp(i*a4)

z =

  -2.0000 - 3.0000i

c10 = -1-i

c10 =

  -1.0000 - 1.0000i

a10 = angle(c10)

a10 =

   -2.3562

r10 = abs(c10)

r10 =

    1.4142

z= r10.*exp(i*a10)

z =

  -1.0000 - 1.0000i

% 1a)c10 = 1.4142cis(-2.3562)

c11 = 7+2i

c11 =

   7.0000 + 2.0000i

a11 = angle(c11)

a11 =

    0.2783

r11 = abs(c11)

r11 =

    7.2801

z= r11.*exp(i*a11)

z =

   7.0000 + 2.0000i

% 1b)c11 = 7.2801cis(0.2786)

c12 = 3-i

c12 =

   3.0000 - 1.0000i

a12 = angle(c12)

a12 =

   -0.3218

r12 = abs(c12)

r12 =

    3.1623

z= r12.*exp(i*a12)

z =

   3.0000 - 1.0000i

% 1c)c12 = 3.1623cis(-0.3218)

c13= 3.*exp(i*(pi/4))

c13 =

   2.1213 + 2.1213i

% 2a)c13 = (2.1213, 2.1213)

c14= 3.*exp(i*(pi))

c14 =

  -3.0000 + 0.0000i

% 2b) c14 = (-3, 0)

                                                                                                                                                                                                                                                                                                   c15= 3.*exp(i*4.2)

c15 =

  -1.4708 - 2.6147i

% 2c) c15 = (-1.4708, - 2.6147)

c10 = -1-i

c10 =

  -1.0000 - 1.0000i

c11 = 7+2i

c11 =

   7.0000 + 2.0000i

c12 = 3-i

c12 =

   3.0000 - 1.0000i

z1 = c10+c11

z1 =

   6.0000 + 1.0000i

z2 = c10-c11

z2 =

  -8.0000 - 3.0000i

z3 = c10*c11

z3 =

  -5.0000 - 9.0000i

imag(c11)

ans =

     2

real(c11)

ans =

     7

% 3a) z16 = 1/3cis(-0.7) 
% 3b) z17 = 1/2cis(-1.2)
% 3c) z18 = 1cis(0) or z18 = -1cis(0)
z21 = 3 - 5i

z21 =

   3.0000 - 5.0000i

z22 = 2 + 9i

z22 =

   2.0000 + 9.0000i

z23 = 4 - 7i

z23 =

   4.0000 - 7.0000i

z24 = conj(z21)

z24 =

   3.0000 + 5.0000i

z25 = z21 + z22

z25 =

   5.0000 + 4.0000i

z26 = conj(z25)

z26 =

   5.0000 - 4.0000i

z27 = z21 * z22

z27 =

  51.0000 +17.0000i

z28 = conj(z21) * conj(z22)

z28 =

  51.0000 -17.0000i

z29 = conj(z27)

z29 =

  51.0000 -17.0000i

z30 = conj(z28)

z30 =

  51.0000 +17.0000i

z21 = 3 - 5i

z21 =

   3.0000 - 5.0000i

z22 = 2 + 9i

z22 =

   2.0000 + 9.0000i

z22 = 2 + 9i

z22 =

   2.0000 + 9.0000i

z24 = 1/z21

z24 =

   0.0882 + 0.1471i

z25 = 1/z22

z25 =

   0.0235 - 0.1059i

z26 = 1/z23

z26 =

   0.0615 + 0.1077i

z27 = z21/z22

z27 =

  -0.4588 - 0.4353i

z28 = z22 * conj(z22)

z28 =

    85

z29 = z21 * conj(z22)

z29 =

 -39.0000 -37.0000i

z30 = z21 * conj(z22)/z22 * conj(z22)

z30 =

  19.6588 +50.0353i

A = [1 + i 2;i 2 + i]

A =

   1.0000 + 1.0000i   2.0000 + 0.0000i
   0.0000 + 1.0000i   2.0000 + 1.0000i

 conj(A)

ans =

   1.0000 - 1.0000i   2.0000 + 0.0000i
   0.0000 - 1.0000i   2.0000 - 1.0000i

A*conj(A)

ans =

   2.0000 - 2.0000i   6.0000 + 0.0000i
   2.0000 - 1.0000i   5.0000 + 2.0000i

inv(A)

ans =

   1.5000 - 0.5000i  -1.0000 + 1.0000i
  -0.5000 - 0.5000i   1.0000 + 0.0000i

det(A)

ans =

   1.0000 + 1.0000i


[V W] = eig(A)

V =

   0.8770 + 0.0000i   0.7387 + 0.0000i
  -0.2474 - 0.4120i   0.5778 + 0.3470i


W =

   0.4357 + 0.0604i   0.0000 + 0.0000i
   0.0000 + 0.0000i   2.5643 + 1.9396i

A = [2 -4+7i;-4-7i 3]

A =

   2.0000 + 0.0000i  -4.0000 + 7.0000i
  -4.0000 - 7.0000i   3.0000 + 0.0000i

A'

ans =

   2.0000 + 0.0000i  -4.0000 + 7.0000i
  -4.0000 - 7.0000i   3.0000 + 0.0000i

[ W V] =eig(A)

W =

   0.3615 - 0.6327i  -0.3398 + 0.5946i
   0.6849 + 0.0000i   0.7287 + 0.0000i


V =

   -5.5777         0
         0   10.5777

[ W V] =eig(A')

W =

   0.3615 - 0.6327i  -0.3398 + 0.5946i
   0.6849 + 0.0000i   0.7287 + 0.0000i


V =

   -5.5777         0
         0   10.5777

A = [1/sqrt(3)-i/sqrt(3) -1/sqrt(3); 1/sqrt(3) 1/sqrt(3)+i/sqrt(3)]

A =

   0.5774 - 0.5774i  -0.5774 + 0.0000i
   0.5774 + 0.0000i   0.5774 + 0.5774i

A*(conj(A)')

ans =

   0.3333 - 0.6667i   0.0000 - 0.6667i
   0.0000 - 0.6667i   0.3333 + 0.6667i

A = [1 1 0; 0 1 1; 1 0 1]

A =

     1     1     0
     0     1     1
     1     0     1

conj(A)

ans =

     1     1     0
     0     1     1
     1     0     1

(conj(A)')*A

ans =

     2     1     1
     1     2     1
     1     1     2

A*(conj(A)')

ans =

     2     1     1
     1     2     1
     1     1     2

A*(conj(A)')

ans =

     2     1     1
     1     2     1
     1     1     2

(conj(A)')*A

ans =

     2     1     1
     1     2     1
     1     1     2

c1 = 3+ 7i

c1 =

   3.0000 + 7.0000i

c2 = 2-i

c2 =

   2.0000 - 1.0000i

c3 = 5

c3 =

     5

c4 = -9i

c4 =

   0.0000 - 9.0000i

c1+c2

ans =

   5.0000 + 6.0000i

c1*c2

ans =

  13.0000 +11.0000i

c1-c3

ans =

  -2.0000 + 7.0000i

c1/c2

ans =

  -0.2000 + 3.4000i

conj(c1/c2)

ans =

  -0.2000 - 3.4000i

5*c2 - 3*c1

ans =

   1.0000 -26.0000i

(conj(c2))*(3*c1)

ans =

  -3.0000 +51.0000i

(conj(conj(c2)))/(3*c1)

ans =

  -0.0057 - 0.0977i

conj((c2-i*c3)/(c4+3*c1))

ans =

  -0.2400 + 0.3467i

  p = [1 5 -20]

p =

     1     5   -20

roots(p)

ans =

   -7.6235
    2.6235

p = [7 5 20]

p =

     7     5    20

roots(p)

ans =

  -0.3571 + 1.6521i
  -0.3571 - 1.6521i


p = [1 0 20]

p =

     1     0    20

roots(p)

ans =

   0.0000 + 4.4721i
   0.0000 - 4.4721i


p = [1 0 0 0 0 1]

p =

     1     0     0     0     0     1

roots(p)

ans =

  -1.0000 + 0.0000i
  -0.3090 + 0.9511i
  -0.3090 - 0.9511i
   0.8090 + 0.5878i
   0.8090 - 0.5878i


p = [1 0 0 0 0 -1]

p =

     1     0     0     0     0    -1

roots(p)

ans =

  -0.8090 + 0.5878i
  -0.8090 - 0.5878i
   0.3090 + 0.9511i
   0.3090 - 0.9511i
   1.0000 + 0.0000i


p = [1 6 -9 -2 1 -1]

p =

     1     6    -9    -2     1    -1

roots(p)

ans =

  -7.2072 + 0.0000i
   1.3922 + 0.0000i
  -0.5678 + 0.0000i
   0.1914 + 0.3726i
   0.1914 - 0.3726i

                                                                                                                                                                                                                                                                        A = [ 2 5+2i 3-i; 5-2i 7 4+3i; 3+i 4-3i 1]

A =

   2.0000 + 0.0000i   5.0000 + 2.0000i   3.0000 - 1.0000i
   5.0000 - 2.0000i   7.0000 + 0.0000i   4.0000 + 3.0000i
   3.0000 + 1.0000i   4.0000 - 3.0000i   1.0000 + 0.0000i

B = [ 3 1+i i; 1-i 1 3; -i 3 1]

B =

   3.0000 + 0.0000i   1.0000 + 1.0000i   0.0000 + 1.0000i
   1.0000 - 1.0000i   1.0000 + 0.0000i   3.0000 + 0.0000i
   0.0000 - 1.0000i   3.0000 + 0.0000i   1.0000 + 0.0000i

C = [1+i 15+i 1-4i; 3i 5-i 2+5i; 4i -3+i 2-7i]

C =

   1.0000 + 1.0000i  15.0000 + 1.0000i   1.0000 - 4.0000i
   0.0000 + 3.0000i   5.0000 - 1.0000i   2.0000 + 5.0000i
   0.0000 + 4.0000i  -3.0000 + 1.0000i   2.0000 - 7.0000i

conj(transpose(A))

ans =

   2.0000 + 0.0000i   5.0000 + 2.0000i   3.0000 - 1.0000i
   5.0000 - 2.0000i   7.0000 + 0.0000i   4.0000 + 3.0000i
   3.0000 + 1.0000i   4.0000 - 3.0000i   1.0000 + 0.0000i

conj(transpose(B))

ans =

   3.0000 + 0.0000i   1.0000 + 1.0000i   0.0000 + 1.0000i
   1.0000 - 1.0000i   1.0000 + 0.0000i   3.0000 + 0.0000i
   0.0000 - 1.0000i   3.0000 + 0.0000i   1.0000 + 0.0000i

conj(transpose(C))

